05.620                            1024
06.646                            1057
07.635                            1078
08.662                            1072
09.648                            1075
10.625                            1076
11.659                            1083
12.651                            1085
13.672                            1094
14.656                            1096
15.644                            2004
16.620                            2024
16.646                            2144
17.635                            2165
17.662                            2170
18.648                            2172
19.625                            2177
19.659                            2182
20.651                            2182
20.672                            2220
21.656                            2222
22.644                            2212
23.620                            2211
23.646                            2204
24.635                            2206
24.662                            2202
25.648                            2202
26.625                            2201
26.659                            2202
27.651                            2184
27.672                            2177
28.656                            2182
29.644                            2185
30.644                            2177
30.674                            2162
30.874                            2155
31.474                            2142
31.674                            2122
31.874                            2116
36.674                            2084
