05                            5.50
06                            5.60
07                            5.70
08                            6.80
09                            6.20
10                            6.50
11                            6.70
12                            7.20
13                            7.40
14                            7.50
15                            7.90
16                            7.10
17                            7.10
24                            7.20
25                            6.0
26                            6.40
27                            6.50
28                            6.60
29                            5.10
30                            5.120
31                            5.00
32                            4.100
33                            4.60
36                            4.30
37                            6.220
38                            7.40
39                            8.0