00.810                             31.62
02.415                             31.62
04.052                             31.62
05.704                             31.62
07.308                             31.75
08.947                             32.00
10.600                             32.19
12.238                             32.44
13.832                             32.63
15.476                             32.75
17.136                             32.88
18.743                             33.00
20.382                             33.13
22.008                             33.19
23.656                             33.25
25.263                             33.38
26.900                             33.44
28.561                             33.44
30.156                             33.50
31.812                             33.50
33.458                             33.50
35.084                             33.56
36.719                             33.56
38.332                             33.56
39.957                             33.56
41.589                             32.56
43.224                             32.63
44.858                             32.69
46.471                             32.69
48.111                             33.75
49.759                             31.75
51.370                             31.88
53.018                             31.94
54.655                             31.94
56.281                             32.00
57.918                             33.00
59.564                             32.06
